id,hateful
397250289,0
557603687,0
51361623,0
947566416,1
752528635,1
963207335,1
875061242,0
616416868,0
792588016,0
388340751,1
199451515,0
271458160,0
255546183,1
188743450,0
3969701,1
368610566,1
272017183,1
157277541,0
33436988,1
1032801445,0
498165815,1
687451903,0
827603754,0
1041072801,0
103416251,0
695223488,0
289223354,0
893027901,0
307097155,0
515877957,0
132389996,1
497146648,0
672899961,1
481327523,0
106273231,0
188650860,1
256415500,1
653876785,0
502515629,0
392750748,0
1043669403,0
904223791,1
564037702,0
727070406,1
808839964,0
91879,0
988670177,0
15424523,0
437490935,0
98096189,1
11084635,0
509490977,1
858076247,0
9815572,0
246966247,1
466163091,0
781017363,0
97420069,0
1031350556,1
79811669,0
422486191,0
1031416312,0
803884763,0
454912473,0
124923346,0
91248659,0
427589822,0
517676106,0
930899253,0
284759615,1
1042410248,0
68680660,0
256888294,1
936530957,0
971718990,0
84901228,0
170931110,0
700587168,0
866614227,0
5004743,0
609581924,0
1065476298,1
813569521,0
56488296,1
412369856,1
282646055,1
580388580,1
523829662,0
752991721,1
1039382385,0
528951656,1
425094361,0
34645896,0
475788930,0
817886628,0
1035699423,0
344904727,1
861590184,0
836381727,1
866524048,1
836320817,0
446650213,0
461228852,1
788208775,0
383202737,0
1072070540,0
794609651,1
162915636,0
343763518,0
195182679,0
112536324,0
170917879,0
738520633,0
827723397,1
39476288,0
1014712210,1
872680546,1
559542785,0
397064285,0
171476207,1
6488260,0
331642423,0
637609304,0
118303468,0
221071257,0
807160252,0
61330621,0
283114202,0
258205053,0
867298880,0
652759821,0
424616925,1
663047617,0
527983834,1
680259788,0
635422310,0
270598115,0
166412811,0
302203708,0
1062763598,1
375433873,1
543692256,0
470886100,0
431942087,1
935056899,0
952893360,0
201495110,1
56877091,0
60606325,0
155281581,0
507129797,0
569618855,0
1021680280,0
171109874,0
148033880,1
1000663348,1
359722166,1
746339174,0
498806645,0
961987675,0
645883049,0
759040836,1
212954978,1
31809298,0
634536994,0
853801568,0
368763500,1
1026695879,0
109163516,0
345389494,0
303035036,0
807175532,0
794414358,0
932235137,0
268480890,1
319260106,0
796122101,0
29336563,0
642288333,0
358673718,0
822930671,0
615145139,1
121583552,0
867126986,0
73456403,1
460452529,1
82902790,0
427855355,0
312288779,0
837037587,0
98425304,0
353915148,1
676752672,0
227966627,1
670552774,1
978163526,1
672225892,0
481659386,1
360065542,0
824223452,1
306085699,0
385573103,0
803690084,0
985112261,0
838580505,0
457089367,1
178815751,0
694113197,0
705315791,0
413061224,0
705375110,0
281272327,1
336601726,0
1008463555,0
538751928,0
637888347,1
888707281,0
728326405,0
403793562,0
697052007,1
403368085,0
31672825,1
288853213,0
853212504,1
78677986,1
1012268122,1
533521546,0
980545614,0
741976666,1
83012525,0
131936295,0
178618927,0
407344545,0
343370407,0
428297429,0
846997237,1
9563155,0
312216780,0
27332385,1
580218353,0
850474042,1
992278885,0
968092629,0
372445806,0
87439417,0
810309537,0
30946562,0
197438548,0
318799296,1
963193965,0
313013776,0
4096941,0
340696084,0
694239754,0
403585185,0
756198237,0
895189586,0
646029988,0
925746887,0
650670105,0
999598814,1
602549133,0
191735734,0
70822311,0
920535352,1
927957076,0
726306463,1
94512033,1
432718825,0
476447381,0
701874646,0
90118660,1
817926197,0
992386663,0
607890457,1
246272168,0
934923322,1
308668408,0
263850592,0
951040953,0
328117986,1
208501740,0
1045345985,0
294992351,1
367109996,0
1046141218,0
79531577,1
27734786,0
927151361,0
1002354494,0
182204745,1
657207875,1
211571648,1
585819943,0
858416162,1
814893975,1
186136069,0
868078090,1
406334876,1
148369653,0
461826808,0
279310017,0
154503687,0
563273254,0
819382051,1
827124683,0
283156089,0
374417831,0
541054044,0
303932500,1
506553372,1
697803278,1
388118171,0
680991511,0
576567501,1
685811060,1
241037744,0
722743448,0
494301215,0
749987147,0
989664999,1
632276010,1
343154754,0
459520342,0
939215632,0
657213142,0
835112665,0
276954836,0
934995328,0
951468274,0
490879043,1
764157523,0
205999029,0
737293786,0
284848723,0
337064353,0
815745445,1
13689561,1
213642767,0
454340903,1
1037294144,0
805026919,1
167072428,0
216544937,1
820620417,0
100604502,0
36052248,0
756456108,0
585259134,0
619080517,1
196018050,0
319383139,0
767407868,0
150125515,1
538193934,0
353954673,1
672156679,1
1044654828,0
655338677,0
160689244,0
963289878,0
954756069,1
519960692,0
442437192,1
978830811,0
252003839,1
344115773,0
350809554,0
93497030,1
938829347,0
12576213,0
1009228091,0
621660320,0
593634042,0
876803188,0
955549324,1
308454,0
44910623,1
631289471,0
551274642,1
49382425,0
402685267,0
379363624,0
335264420,0
338927967,0
305841449,1
967244951,0
114209107,0
884053945,1
303965278,0
49570642,0
940564229,0
772037385,0
39190967,0
1050022546,0
49310804,0
453054055,0
504988121,1
694395127,0
723418965,0
952689817,1
348875327,0
93734690,1
165653546,0
440728398,0
556929800,0
522009306,0
1062873461,1
30362354,0
1006954588,1
1005592732,0
109970339,1
199647787,0
6778955,0
13250637,0
82403918,0
96905548,0
49273037,1
829296154,0
690747887,0
280601699,0
1010257784,0
264769288,0
655064741,0
995192121,0
968094454,0
692842747,1
773061127,1
941498824,0
975073897,0
41284391,0
261727150,0
637808176,0
805196831,1
765694462,1
903473205,0
986427907,1
741160403,0
686066793,1
906843776,0
609084111,0
128464715,1
531390697,0
882747173,1
637722802,0
300726419,0
513544342,0
268018471,0
1070462055,0
445627219,0
275139575,1
221092375,1
569998399,1
651077748,1
112243302,1
844814262,1
569074377,1
350444259,0
205088080,0
807464398,1
122210617,1
316770266,1
587019356,0
784374109,0
936220121,0
522881542,1
632080338,1
968188935,1
136571491,0
614068,0
185723207,1
694825515,0
91842179,0
603056990,0
641580895,0
120924833,0
921413927,0
740088692,1
627255103,0
645568239,0
441444081,0
350624671,0
127078391,0
943900305,0
539026034,1
332605434,1
482013152,0
434131719,0
533943662,0
560221300,0
956755182,0
108579695,0
247087743,1
16499677,0
55606161,1
872717220,1
682008471,0
474637858,1
813531298,0
146162540,0
122500131,1
318587604,0
1006536704,0
458349758,0
213736772,1
120201918,1
836030207,1
223707590,1
381469012,1
55165334,0
662282187,0
924030303,1
291519393,0
469614246,0
908346125,0
670023660,0
457966476,0
322076028,0
186630878,1
632771296,0
108451023,1
795890631,0
735153644,1
1066249519,0
833075663,0
656573836,0
725647741,0
856320352,1
340245422,0
1058999643,0
625162765,0
978567419,0
274154962,1
455491430,0
582152066,0
426269674,0
705560474,0
443744019,1
949452394,0
453011201,0
427606494,1
74958005,0
450139320,0
401187260,0
444737192,0
26482884,0
110811807,0
435140763,0
836571442,1
706094391,1
322561333,0
955078872,0
227270384,0
396261861,1
29343354,0
1068399241,0
763854401,0
233203933,1
888058628,0
492481419,0
974801459,0
1022232569,0
928055622,1
379343890,0
438404342,0
368954488,0
925213847,0
849966218,0
579153816,1
1060473518,1
300151735,0
1010937359,0
374393181,0
1060689561,0
769513858,0
149827706,0
467521545,1
456845156,0
760474498,0
1069577190,1
86929107,1
436510229,1
447011930,1
470437742,0
680008564,0
918248569,0
839325278,0
1060344964,1
156514450,0
150088694,0
1060882012,1
910472792,0
74366341,0
129233762,0
859922040,0
213072521,0
938028775,1
937180874,0
499391065,1
784005207,1
345106468,0
808869433,0
722443971,1
164494545,1
386066116,0
997371877,0
967955916,0
934734769,1
277731914,1
621849977,1
571159367,1
1017776027,0
762822145,0
687771674,1
626478110,1
362407010,0
507692567,0
80920264,0
723494111,0
659839298,0
555149428,1
106025798,0
1028661475,0
215495749,1
854852540,1
570921009,0
124328383,1
98433586,1
712653878,0
562622237,0
429585467,1
866729585,0
452651788,0
778568781,0
949428199,0
653868135,0
711506547,1
1020681720,0
133604914,0
377666117,0
129696032,0
326515425,0
586886707,0
577174482,0
707842761,1
73466219,1
894310083,0
190731191,0
526236304,0
656998124,0
55132620,1
500232257,1
237069279,0
538480797,0
729693657,1
375087671,0
377895080,1
942429870,1
880909985,0
319884101,1
773309842,0
526422169,1
965580338,1
998812098,0
639957151,1
571458801,1
166724578,1
65015165,1
875106572,0
549439435,0
424005361,0
1017974447,1
56113369,0
518836510,0
44946135,0
118574293,1
78235163,0
807993378,1
286752725,0
907681520,0
686231285,0
561665819,0
721818558,1
893027458,1
1054149998,0
540198103,0
423252826,0
505748101,0
363835270,0
242245638,1
404487813,0
320767223,0
273799489,0
868253265,1
33136428,0
477411727,0
791388192,1
1035542195,0
864751031,0
667570850,0
530328770,0
1017951420,0
724557941,1
683417080,0
694805953,0
367212061,1
418702943,0
435607204,0
96270450,0
1016047233,0
472828547,0
86161536,0
257109965,1
1031392107,1
577303044,1
304617363,0
417245798,0
948846500,1
471967377,1
27181852,0
781884679,0
703935444,0
879315574,0
395521185,0
190116812,0
806460785,0
264451634,0
103063471,0
799965574,0
993839124,1
36009935,1
548728848,1
262204999,1
48976013,0
938320535,0
282195698,1
563774210,0
880842549,0
491581751,1
408099975,0
717388568,1
467219082,0
171779360,1
3976873,0
902780078,1
578296492,0
812801709,1
332759989,1
987706762,0
422068372,0
106310240,0
773686824,0
244533205,0
864062922,0
665484610,0
397219073,0
434212844,0
205256154,1
779237238,1
612483158,1
768623785,0
446706352,1
580537748,1
975852250,1
719022698,0
713718675,0
395398331,1
603246271,0
141459717,0
312715124,0
198762013,0
67932588,0
8484954,0
813387344,0
956271002,0
816644671,0
845534945,0
63947730,1
519151495,1
346607854,0
565277813,0
237331022,0
310607155,1
160545470,1
38482956,0
150444543,0
557793068,1
426802165,0
691489784,1
432903803,0
218121210,0
53992714,1
1014875521,0
445541033,0
322331737,1
938654765,1
380146287,0
346842944,0
1070977930,1
214939857,0
210369078,0
208915593,0
1067674836,1
924543999,1
467530517,0
147874417,0
565104817,0
465335683,0
327012523,1
252588284,0
94897028,1
183996190,0
295310485,0
335106513,1
380830539,0
761639583,0
687790466,0
258738317,0
34769841,0
279610097,0
172070303,0
430915004,0
195404184,0
552719151,0
930009065,0
649375452,1
659670475,0
793158610,0
799496315,1
148599901,0
97106014,0
873297734,0
334618074,0
719883588,0
147481857,0
30339728,1
456185417,0
778492981,0
96848277,1
606186569,0
1057579004,1
575295261,0
333406385,1
12443230,1
1017912616,1
217064188,0
725088319,1
1056526350,0
403535467,0
440468682,0
422647841,1
793001503,1
110493305,1
647805692,0
412560249,0
364717215,0
166211140,0
476818478,0
539843588,1
193555835,1
727694333,0
844356532,0
885673417,1
684683755,0
455504789,0
508482316,1
448690291,0
859870518,0
492582348,0
344342661,0
400957212,0
306907606,0
983697700,0
710053209,0
784687698,0
149216081,1
328601463,0
703740977,0
298214359,0
1019480393,1
423751880,1
746357679,0
304383047,0
441961791,0
8643561,0
49475018,0
4744890,1
732228806,0
304476600,0
637070032,0
247852194,0
753869899,1
476676179,1
693014773,1
692526922,0
811034961,0
599140867,0
874624309,0
836227191,0
624800158,0
642444931,0
31038055,0
439450487,0
348233398,0
822679709,0
218610946,1
959035020,0
75133802,0
536726216,0
863483699,0
110234112,0
891683719,0
211127057,0
99794074,0
638889920,1
103051813,0
909534510,1
247151294,1
1043181435,0
366932310,1
734887664,0
281493671,0
745241098,1
110320118,0
584611331,0
222631460,0
603934963,0
707175601,0
405257036,0
396287154,0
256917100,0
356563737,0
388896443,1
1015614021,1
41690057,1
504457545,0
298217578,0
786356993,1
998907556,0
91926217,1
555070355,0
521758578,0
924172364,1
18087708,0
610460550,0
494291418,0
249245012,0
1045636374,0
162636241,0
191458968,1
30678197,0
1020019160,1
53432064,1
192673892,1
1027382397,0
599563051,0
755971832,0
78414859,0
169350920,0
52611106,0
1017282754,0
845365074,0
99805719,1
535697836,1
115037392,1
218757401,0
877661452,1
941088865,0
873150512,1
805215527,0
866621002,0
1055481650,0
448367904,1
13545885,0
252578218,0
270874491,1
1569849,0
258875205,1
735892241,0
828653076,0
968297817,0
1068487445,0
510433183,0
405026213,1
544530162,0
708588868,0
299496923,1
418825082,1
875598792,0
943085980,0
179029593,1
627150493,1
355026393,0
473644294,1
381598412,1
691062461,1
351581531,0
385451171,1
221982099,0
93246752,0
132518956,0
594364236,0
7073358,0
858459117,0
918111266,0
1048211510,0
47020072,0
488155117,0
455282394,0
443078754,0
139023550,0
883160026,1
1024725355,0
290284374,0
24222483,0
384529877,0
704503060,1
529010366,1
556862328,0
411221078,1
990516900,0
610149111,0
546272321,0
724085842,1
948826653,1
405113262,0
146631786,0
620055707,0
864816572,0
142796714,0
799500884,1
855344669,0
923870302,0
109746806,0
113862140,0
583176704,0
140107634,1
873935331,1
717976597,1
371522500,0
844284468,1
278304807,1
375551835,1
309498553,0
73574218,0
1018127548,0
620465595,0
330064674,0
247455860,0
1066903239,0
780839406,0
631691986,1
274955292,0
521175333,1
388656916,0
374691665,0
225456128,0
583503591,1
927981407,1
202242259,0
1025059015,0
262897676,1
460971296,1
633683639,1
656833711,0
427915151,1
289247995,0
1002199461,0
505126843,0
225108249,0
744975061,0
948570366,0
563088897,0
224396789,0
980211239,0
531392957,0
944504243,0
1030049483,0
560239511,1
536244827,0
685534409,0
16564216,0
740777094,1
430408291,1
1061289540,1
598678367,0
603267230,0
802241177,0
783993370,0
476944168,1
498479857,0
725373743,0
936692083,0
659776218,0
107343380,0
543104518,0
133155054,0
391082204,0
553278397,0
1029329124,0
910327074,0
930913658,1
910308550,0
816050964,0
593620463,0
130693381,1
698798920,1
700116515,0
882589275,0
796618355,0
89801911,0
1027799704,0
364549612,1
35648379,0
855681940,0
283088922,0
7044325,1
327692509,0
572525395,1
284528891,0
427568870,0
217237515,1
1011042802,0
796065791,1
422404300,0
374745382,0
530345834,1
853193777,1
952515758,0
763002504,0
454941605,1
831153961,0
353484964,0
102896950,0
575202221,1
944445854,1
17912889,0
45267360,0
879150792,0
1001826816,0
709829892,0
613811510,0
630418447,1
7425539,0
352818023,1
669219685,1
404040007,0
314697172,0
86312815,0
834860763,0
984771699,0
286389162,0
925779799,0
883000747,0
1052464605,0
721955780,1
91163279,0
23919685,0
497872995,0
812466001,0
567477531,1
141921987,1
317161302,0
612112671,1
166076902,0
482750043,0
190509600,1
782649759,0
451237851,0
608689346,1
76207508,0
613195311,0
194549403,0
80650532,0
58703244,1
359816489,1
259564054,0
720256933,0
929516435,1
822301213,0
229703585,1
787125715,1
743338269,1
992041933,1
104311551,1
74684276,1
378212463,1
1032076547,0
140182452,0
379025201,1
414080751,0
263006537,0
550229169,0
409539711,1
802523694,0
697964448,1
744666527,0
222122096,0
418542015,1
961820109,1
834762567,0
743088832,0
845770768,0
1059104514,0
221455851,0
268520783,0
954749911,0
615796573,0
999797565,1
298839041,0
933926159,1
428679814,1
218926239,0
34773472,1
122340468,1
741541582,1
791857755,0
960919391,0
104560805,0
753275197,0
320632895,1
632956260,0
192302534,0
310515873,0
199767568,0
443109075,0
111134294,1
1009559924,0
297524906,0
940992571,1
306635834,0
630479792,0
564852025,0
433897383,1
313368711,1
861067882,0
882644252,0
695873638,1
84777341,1
17217918,0
896049540,0
705154966,0
778699246,0
972761282,0
324611800,0
182001119,0
723377624,1
486708987,0
858666421,1
1030625029,1
854222908,0
292907427,1
882277976,0
512926731,1
806300300,1
741584831,0
135538456,1
911440994,1
390184816,0
394358316,0
1058382548,0
771330207,1
212695284,0
698239012,0
516898564,0
1679695,0
90849645,1
126466892,1
817216964,1
288484957,1
981823173,1
795133455,0
563987043,1
858209543,0
679231134,0
926248939,0
983708831,0
1030637036,0
807214179,0
107064620,1
674652206,0
780411013,0
797344195,1
416104074,0
857769526,0
215758599,1
266467544,1
485974860,0
1026187628,0
309011489,1
394991422,0
797347186,0
699506796,1
544068557,0
362422604,0
82389284,1
827982963,1
113294985,1
461784080,1
499385959,0
1061212854,0
598464103,0
783290610,0
422845630,0
203805386,1
125338571,0
133913984,0
186689063,0
276828821,0
437892427,0
1025100313,0
1027082691,0
816671494,0
479776538,0
569261655,0
104800493,1
957321378,0
605275005,1
1011389392,0
1040073220,1
601365049,0
793112954,1
660555221,1
814164144,0
305545745,0
248709521,0
42800191,0
992278799,1
760464354,0
311236729,0
738483906,0
295296179,1
170301326,0
198082098,0
582177668,0
657946096,0
824633240,0
939456267,0
704303106,0
271031968,0
998443821,0
923596926,0
713587596,0
681153731,0
709939880,1
456497252,1
196156159,0
830075810,0
852312670,1
429749624,1
98525897,0
594447117,0
347440934,0
892920104,0
830499979,0
435654642,0
59179859,0
455598254,1
166665217,0
647382621,0
1008015880,0
773715986,0
458209399,1
334669082,0
525747313,1
907135362,0
207072487,0
645699103,0
313414056,0
241844881,0
709629349,0
782211796,1
252188235,0
947224378,0
325190875,0
953039198,1
1043473387,1
654349393,0
640116562,1
522724151,0
253813127,1
161669421,1
523150202,0
630100168,0
790838947,0
510674706,0
428817558,0
293622794,0
670401096,0
689079125,0
803243119,1
297659522,0
452062605,1
561677752,1
377458516,1
592134048,0
311209162,0
298255403,1
1029890840,1
415864153,0
582753555,0
451450815,0
206374574,0
288645449,0
1007273919,1
713867078,0
500871106,0
306356763,0
346875956,1
1015215820,0
32434551,0
396353078,0
406286844,1
275333978,0
929315303,0
715016702,0
903766509,1
870161616,1
327899537,0
308876810,0
342151243,0
544935123,0
990879984,0
174485243,0
963470284,0
15216218,0
947342303,0
912363223,0
735184880,0
333710596,0
168613888,0
381848698,0
172646820,1
463693201,0
510525583,0
44657340,0
840978834,0
1013499601,1
532764356,1
756661933,1
568909764,1
974115721,0
906390068,0
298952685,0
503340618,1
396416310,1
802099969,0
696885499,0
734758230,0
531233659,0
445997993,0
699552991,1
1021549296,0
524617283,0
468849679,0
433548878,0
710265553,0
395765839,1
336677834,0
167472502,0
374322976,0
945669143,1
874556653,0
364126140,0
120026868,0
704470968,0
317609179,1
176248538,0
27551431,0
131190228,0
886964603,0
711618397,0
301141657,1
540844247,1
885116069,0
42285535,0
778295151,0
425728311,0
145652883,1
512656440,0
104138894,1
102097643,1
338080327,0
965430081,1
984296173,0
890623169,0
561118447,0
289747205,0
74009197,1
347450846,1
683100341,0
416340508,0
816193678,0
567504169,0
694989306,1
173265999,1
677851942,0
399556921,0
1072719774,1
237911187,1
190148048,0
557212948,0
616435189,1
407104143,0
875844064,1
231487470,0
50641543,0
389703924,1
279995032,1
460371446,1
423729488,0
207636150,0
948033893,0
1055441479,1
536784164,0
328201538,0
174039487,1
437222341,0
794198823,1
926066332,0
463336308,1
1034903601,1
679432289,0
545098869,0
347640483,0
417304549,0
43291532,0
263714484,0
1000100547,1
872144388,0
751557781,0
301031252,0
1047172955,0
659116913,0
480488037,0
529741991,1
470406376,1
510318004,0
490470737,0
374524558,0
645381960,0
365266436,1
149078381,0
399377110,0
522230767,0
123181755,1
305041898,0
355397438,0
630291513,0
175309282,0
444325176,1
384933362,1
7661580,0
522393962,1
841845510,1
784679098,1
555156538,1
435602000,0
852984682,0
896823706,1
894776964,0
473143850,0
637150229,0
291476850,0
770222796,0
1056475922,0
460966221,0
794656343,1
843415633,0
704484734,0
822620619,0
267552005,0
109747451,1
719421270,1
1058904222,1
225399930,0
966424392,0
197652556,0
844580900,0
466160259,0
872948805,0
913703651,1
167244216,0
1025156613,0
669168506,1
573672094,0
634554728,0
1024499586,1
752775879,1
785593029,0
145630539,0
167560926,0
192157835,1
501873197,0
673706432,1
434245762,1
1030468794,0
508309128,0
1073282706,1
357569023,1
483156434,0
1015829279,0
401784545,0
160142678,1
651177700,0
757099319,0
45286006,0
941395813,0
817557160,1
515100796,0
1057778021,0
446129354,1
524284242,0
838605818,0
853866157,0
198511473,1
821706952,0
452155193,0
750681734,1
293826004,0
347002051,0
719175338,0
727072823,0
11198809,1
944892275,0
700743524,0
363527356,1
576498415,0
967952325,0
797711678,0
98357064,0
955417157,0
461597861,0
654436820,1
288917924,1
808564991,0
30025158,0
62815808,0
387960179,0
695078308,0
971982701,0
678320001,0
282733476,1
1051730929,1
710103026,0
388135963,0
658480719,0
630104453,0
738645398,1
1024301764,0
682683973,0
987350298,1
476642996,1
1046885651,0
761442766,1
923482225,1
152511666,0
825601009,0
97111094,0
292177384,0
219835447,1
918667184,1
562166922,0
703040905,1
1005076987,0
1009531338,0
591249692,0
873087834,1
367371097,0
176777762,0
188047830,0
864118944,0
640117068,0
490622789,1
772751234,0
47563208,0
955426865,0
744571822,0
366529273,1
321686223,1
32893156,0
518371508,0
395051256,1
375145562,1
51559392,0
991891754,0
475148289,0
685686551,0
806227616,0
668737754,0
619975993,1
941019569,1
670809983,1
665926290,0
124469868,1
376990466,1
873830502,0
785460919,0
912943629,1
1044084786,0
622183588,0
113206543,0
819652226,0
437675889,1
737115354,0
992303073,1
902606515,0
541755366,1
40127441,1
315304275,0
32585286,1
413140753,1
926327600,0
274125495,0
345355094,1
925584449,0
737251149,0
781531720,0
245436109,0
336161542,1
511852999,0
715509975,0
231968644,0
1003005860,1
227761953,1
443412542,0
116763663,1
291041983,0
919959229,0
307561494,0
827649755,0
861292259,0
842661053,0
70558348,0
920304118,0
454595339,1
455309840,1
213094252,0
787700486,1
106323670,1
801131404,0
249817734,1
910305352,1
623901080,0
368253706,0
558093774,0
769820685,1
135914506,0
333913647,0
882764505,0
429123992,0
938620952,1
590929397,0
849303592,1
248382474,0
501238919,1
159616499,0
816274954,1
904777240,0
722816092,0
438752236,1
796893126,0
890626742,1
917352911,0
870768982,1
811653317,0
80516876,1
408040078,0
656007396,1
1003542607,1
110535261,0
700088933,0
195614589,0
565210546,1
477622795,0
398317121,0
78151583,1
1057494611,1
259579066,0
933974335,0
469677269,1
293698307,0
102300758,0
567840357,0
595192667,1
846066287,0
302394369,1
152728624,0
889533119,0
983266093,0
1010034524,1
197850884,1
493266377,0
68000803,1
105444031,1
161152186,1
755631043,0
987728793,1
383794405,0
490739130,0
521373414,0
830164576,1
744316831,1
818286899,0
928859046,1
751148628,1
711642514,1
759723045,0
732267407,0
758857635,0
1008168411,1
761420895,1
677824658,0
946644279,1
925023116,0
509241268,1
859372397,0
336466691,0
569296859,1
488212379,0
426346256,1
600523461,0
34467368,1
262552615,0
781406427,0
738724998,1
826883089,1
578749939,0
586849648,0
838679870,1
593506495,0
234517688,0
819395339,1
816051762,0
664229062,0
526485141,0
753045356,0
164142683,0
808879120,0
968963807,0
326355333,0
497528007,1
830568802,1
306798268,1
369638035,0
218777077,0
122915292,0
572809021,0
454811020,1
1001895617,1
908172625,0
424993183,0
946794035,0
965390079,0
299604609,0
267888133,0
409349574,1
982609552,0
856084565,0
413959531,1
261246928,1
731062591,0
52541869,0
70135921,0
130794015,1
182668050,0
892620629,0
546397165,1
896139578,1
848926569,0
807928256,0
866418765,0
254933874,1
948510816,0
656441105,1
900942933,0
837450959,0
338715135,1
397883629,0
1022201848,0
6822504,0
548085639,1
827580907,1
574355978,1
207767506,0
945027108,1
836775460,1
18272566,0
906003694,0
400718660,1
114433227,0
626016935,1
817851666,0
4412943,1
261865086,0
522559454,1
888331077,0
663971973,0
59465326,1
385924214,1
163939376,1
120828027,0
444514776,1
299175297,1
510252663,1
340091490,0
402477106,0
1034197254,0
12737840,0
959300121,0
177817899,1
970044206,1
328747068,0
90679079,0
652376434,0
1000991135,0
1009649354,0
446434187,1
1035479195,1
1072390012,1
889528128,0
1025760295,0
354795914,1
39102109,0
620454065,1
1001013333,0
709027332,1
829368594,0
1059874976,0
512124417,0
984061731,0
632319072,1
483850916,1
95251839,1
122628457,0
969516260,0
151014666,0
325155441,0
385176589,0
229509408,0
989786718,0
97901362,1
921907485,0
1035712247,1
292907698,0
832722445,0
611072118,0
66513370,0
1063961278,0
833241446,0
211818984,1
180443225,0
365887237,1
992728359,0
886372039,0
991348895,1
618216237,0
676481264,1
1028346556,1
198407974,1
805611583,1
903434886,1
596116984,1
362227170,0
116396351,1
592616814,1
94097510,0
783068639,0
226851705,0
566161206,0
711293744,0
910897586,0
254697684,1
155094339,0
799925830,1
108344550,0
628071202,1
308389322,0
225177291,0
768079872,0
1035338875,0
320180997,1
936714132,0
614792641,0
1059280612,1
177069484,0
1052643773,0
828259645,0
25568507,0
924062859,1
376908532,1
143171768,0
798229824,1
713975499,1
492259801,1
626563708,0
876104224,0
48872110,0
14010420,0
113944889,1
691948631,0
820115002,0
325391629,0
755964923,1
487803152,0
902736798,1
824024405,1
517661767,0
505244785,1
173279673,0
902664602,0
494990130,1
101698998,0
781860106,0
227416584,0
186611097,1
361415646,0
175980611,0
72811767,0
242485962,1
187942172,1
638737645,0
962902943,0
105523897,1
809870047,0
605095857,0
396692661,0
256897080,0
715120513,0
818485133,1
647650867,1
1057034178,1
1065894964,1
371348848,0
561905788,1
647970973,1
976025048,0
406020361,0
319280490,0
938601161,1
452604373,1
206978174,0
522155300,1
579184667,1
975044886,0
475558434,0
845011302,1
580888371,0
908496944,1
915097685,0
488501521,0
449241856,0
314741200,0
22777694,0
286665249,1
1529194,1
839328588,1
273178728,1
365989408,0
930096564,0
830598266,0
842827184,1
357257753,0
516197305,1
662833184,1
287770819,0
655597273,0
147630403,0
843633823,1
654286534,1
619024641,0
293587744,1
914349370,0
1008647853,1
978005563,1
1003190065,1
235493870,0
703321425,0
863971129,0
366759935,0
34075063,0
879339361,0
820772671,0
169872191,0
277818215,0
909779886,1
577858758,1
756528252,0
1069259854,1
682243295,0
390819134,0
707577342,0
855525741,1
410753814,0
173230463,0
103685265,0
594768704,0
209275290,0
509788629,0
1051189969,0
778488534,0
467437221,0
684987769,0
459756902,0
179491823,1
155467352,1
442073642,0
561929277,0
1042287134,1
380612862,0
586291021,1
958817965,1
690196540,0
493657365,1
519948299,1
808356009,0
895616775,1
937342444,0
710966933,0
650967273,0
595024527,0
583275843,1
341713055,0
370710020,0
666928774,0
629298787,0
446010911,0
182028295,0
401223842,0
611871397,1
482409760,0
991159822,0
489636644,0
199408320,0
494096279,0
522521131,0
52169850,1
612149161,0
787495483,0
138283395,0
788469616,0
377027645,1
649522748,0
985715475,0
597519663,0
838600755,1
879947812,1
62971085,1
874952887,0
46984680,0
789262019,1
543968992,0
316916095,0
889648687,1
1038597980,0
914689681,1
682045843,1
342451929,1
791809662,0
1037522535,1
192245204,0
407849850,1
546666136,0
823896371,0
466730092,0
461325766,1
902799086,0
456433030,0
706437569,0
450535448,0
937037092,0
837167377,0
69592233,1
610085965,1
409459106,1
808439501,0
898475164,0
340735257,0
613710527,0
758309093,0
521828280,0
785042792,0
579427414,0
896981471,0
142842323,0
46865930,1
92142552,1
385010812,0
159272239,1
920983900,0
501773279,0
198803134,1
970963114,1
980632604,0
280849661,0
222021972,0
191475293,0
7488394,0
526072176,0
151910624,0
187853549,0
754684750,1
416980397,1
726606951,0
744597866,1
756650956,0
728802398,1
926431406,1
547630660,0
233810072,0
383885133,0
220795960,0
104588938,0
870021632,0
719560168,0
434547817,0
752645523,0
781503560,0
1018259638,0
479012732,1
700640935,0
684021486,0
362780939,1
602015917,1
834120892,1
943161757,0
142015997,0
135917419,1
1047826239,0
686965530,0
1071756044,1
593295850,0
12384564,1
286749454,0
260379610,0
923581992,1
760044284,0
482896428,0
964620400,0
740376990,1
982195860,0
234978881,0
613200664,1
719239897,1
275836935,0
190679038,1
355564697,0
845385686,0
186142551,0
796106713,0
184021712,1
347260600,0
499224960,0
883901883,0
882177625,1
831245592,0
256979659,0
158226709,0
476954730,1
297171155,1
328373339,1
58119446,1
117095851,1
622687986,1
558706525,1
33898577,0
17481970,1
238195561,0
986941600,0
296743138,0
5188198,1
730274097,0
927388071,0
804689266,1
1013935462,0
856935274,0
1020124903,0
488160337,1
212102949,0
421092945,0
592763677,1
842478695,0
105702499,1
553373498,1
11334226,0
775814098,0
592067517,0
739626111,0
813422740,0
437701423,1
1072971381,0
219497661,1
680011404,0
217790892,1
207766587,0
709849060,0
1040257275,1
460170181,0
983625664,0
248545713,0
262798598,1
794421988,0
321608113,0
544320464,0
552955706,0
1030611761,0
336576114,0
408190395,0
207029662,0
346012478,1
356000421,0
72304458,1
684907325,1
6330865,1
20148538,0
393914829,0
675960462,0
344361065,0
663950073,0
373754019,1
977817470,1
515813939,0
702506364,0
334961542,0
142205389,1
714154134,0
265518424,1
375617211,1
479678614,0
593050376,0
864575468,0
648758323,1
556302923,0
315627526,0
573273772,0
612325550,0
956012726,0
98836690,0
487718440,1
684523874,0
831284997,0
299726314,0
432311310,1
332496317,0
106492059,1
182877760,0
569165072,0
861764023,0
432557724,1
989851983,0
778599985,0
1036315134,1
707233980,0
1068763122,0
58277565,1
251429015,0
523229613,0
143811545,0
213099766,1
326320130,1
799621068,1
1026141159,0
754517058,1
553863250,0
40857417,1
1042748999,0
31932597,0
485054283,0
623160986,0
1009252714,1
159591761,1
445002643,1
620286733,0
619303396,0
220255331,0
196873862,0
697468922,0
94058316,0
495823751,1
167442665,0
856998797,0
212762389,0
1069368873,1
58821683,1
665956951,0
310864588,1
1033898806,0
271571930,1
348485542,1
103506874,0
881994345,1
513640397,0
828905792,0
462446417,1
239336253,0
403224831,0
539917068,1
585864775,1
735958147,1
185388355,0
726517607,0
991973700,0
144356050,0
612718094,1
298902947,0
387493096,0
752399189,0
464520346,0
373235986,0
997040661,0
15191689,1
728220564,0
770257350,0
490747323,0
36000620,0
1033794897,0
1066360950,0
111206375,0
459996020,0
904575175,0
470224835,0
660459116,0
235483530,0
705384990,0
833409017,0
822816526,1
35104676,0
781042056,0
987576776,0
306819991,0
122851168,1
458974328,1
552484481,0
783415470,0
158580752,0
1004173345,0
700875109,0
634881737,1
526633172,1
599627706,0
206846339,0
828291327,1
310254439,0
688524209,0
1004989478,0
702219378,1
412771985,0
875441966,0
205366899,0
272362005,0
717242090,0
672155012,0
925267987,1
145788098,0
848950616,0
439460908,1
92573170,0
1048869945,1
141522640,1
1054621436,0
263315107,0
349165212,1
274796224,0
204625841,0
1032432140,1
947404799,0
1043988694,0
918777923,1
292010397,1
282153127,0
341436663,0
1049399258,1
248893815,1
208970522,0
319378952,1
199407161,0
937843145,1
889889367,0
612295241,0
332599234,0
415524530,1
339828493,1
156683320,0
459346003,1
78360259,1
810959828,1
447699749,0
1070693928,0
815911873,0
734518883,0
214900911,0
550985608,1
442508175,1
735098955,0
805023052,0
283996078,0
509672432,1
161477051,0
469019932,0
183086166,1
672966010,1
919556198,0
1000049564,0
805435464,0
996206898,0
478476787,1
913493328,0
728092377,1
32147781,0
428069335,0
80972534,1
892329618,0
434621392,0
968451788,0
386876247,1
275919523,0
28819242,0
800651998,1
362388455,0
696533619,0
279290514,0
888808735,0
949888400,1
918364265,0
1038720741,1
773773537,1
590870883,0
392566853,0
1059928969,0
311815504,0
789566539,1
784321926,0
652038503,0
308427014,0
188856883,1
443516366,1
240658499,0
720678212,0
719724388,1
614497013,0
667956122,0
352788129,1
428805552,0
772787506,0
826481789,0
243874566,1
317260330,0
910831620,1
575099391,0
690311363,0
540543154,1
1059397036,1
526781451,0
788467237,0
55846463,0
415739337,0
756704108,0
801544309,0
654773573,1
37923492,1
11458911,0
823450567,1
643538443,0
305396854,1
463849174,0
1062622814,0
383412842,0
551093592,1
434089875,0
992285711,0
841518072,0
377172497,0
921227867,0
761518573,1
69178531,0
406936666,0
441158894,0
853556386,0
124377946,0
95918514,1
181544973,0
121508953,1
327785295,0
697562046,1
661818658,0
290541859,0
535213213,0
70121356,0
1028884486,0
94958483,1
727744047,0
262652326,1
237691219,0
224976345,0
882292061,0
1053263118,1
727641329,0
543950633,0
26226563,1
100131180,1
672355141,1
430905805,0
773995963,0
514015466,0
616188585,0
207403646,0
574778368,1
662992051,1
773196249,0
448808306,1
508874541,0
733913230,0
435968611,0
927080785,0
119050557,0
896959935,0
276358226,1
1031466494,0
776938677,1
570284458,0
903937453,1
1042444770,0
977519275,0
746668526,0
377730669,0
1028025044,1
725211525,0
725656872,0
507854378,1
1034007529,0
437020273,1
677194209,0
6834779,0
60180666,1
126444910,0
352928046,0
43785962,1
50392501,0
568139316,0
660396220,0
31290846,0
691475283,0
911280105,0
1047141647,0
80642002,0
99926988,0
168583107,0
174932560,0
861299031,0
5061082,1
699591841,0
253994846,1
40195056,0
207920481,0
338663589,0
515896943,0
853065069,0
35003475,1
1024387092,1
659135517,0
693320994,0
309893263,1
701678919,1
896959522,0
263909394,0
541239265,0
610975447,0
887001282,1
387966651,0
552366203,0
197842828,0
767574023,0
944540558,0
417061783,0
313629152,0
1011966217,1
952712566,0
631968306,0
436025317,0
653278884,1
1003396041,0
793253262,1
124509405,0
941420660,0
129640083,1
757472628,0
739325638,0
1021885013,0
289885759,1
17863798,0
899661919,0
326505925,0
696896016,0
878779150,0
32816979,0
575602611,1
651749006,1
1064200048,1
299085574,1
730255110,0
370405910,0
359800080,1
680242454,0
533856589,0
990042921,0
378918222,0
668840667,1
39312208,0
93619024,0
239670711,1
689862456,1
662993351,0
42683817,0
729392084,0
702879944,1
520185318,1
53641985,0
325078141,1
594135942,0
55926488,1
66429318,0
189086333,1
987258589,0
999394291,0
835504321,0
567812152,0
439705006,0
934387619,0
341040118,0
40380477,0
274644018,0
651309502,0
189091970,0
751521568,1
662732952,1
539991949,1
172051317,0
508820219,0
598967370,1
451031860,0
1048193242,0
319487653,0
325361053,0
843677182,0
229773464,0
1012836842,0
305195367,1
586272335,0
726786176,0
814558145,0
1034165427,0
12883767,0
1050305332,0
33183643,0
774233009,0
15203610,0
213295228,1
740629322,1
635050348,0
737733572,1
943985508,1
131322499,1
125539035,0
436877463,0
613579662,1
19398359,1
400833163,0
980059410,0
989105500,0
514611532,0
219279570,1
908350135,0
86770648,1
977801865,0
805066256,1
691113267,0
729137330,0
122599500,1
430671434,1
110262182,1
462040314,0
646517065,0
133815413,1
329448930,1
671424174,0
284027113,0
411086777,0
613122335,1
486940738,0
841076154,0
49074949,1
653728820,1
991142702,0
423105056,0
76276107,0
783806954,0
510960640,1
893506934,1
381437091,0
394859017,1
809299884,0
507855782,0
704656710,0
2980741,0
670299588,0
151799039,1
487972689,0
903524714,0
87623171,1
5324697,1
80131518,0
394801749,1
1000428316,0
248952994,1
384360237,1
47498828,1
40020363,0
524033772,1
357152483,0
689735464,0
96057712,0
163431603,0
474641329,0
779061056,0
375442872,1
783581177,1
809593553,0
746669883,1
889072843,0
655560172,0
971724374,1
34654722,0
286974459,1
415672079,0
44212790,0
511669068,0
543189555,1
214410364,1
166932599,0
491781368,0
406996530,0
284220002,0
559282971,1
906987914,0
860050268,1
1052050040,0
140881133,1
597014377,0
1562964,0
637207839,0
628492896,0
863787353,0
673457796,1
33484360,1
1046467173,0
556515311,1
1026656379,0
315191584,0
107522432,0
681619178,0
610874601,0
40692463,0
576128538,0
965087248,0
947684847,1
165381977,0
654586204,0
1028608204,0
45168545,0
575757257,0
387329582,0
693681192,1
265101864,1
214175750,1
60830178,0
488529624,0
252316238,0
291951963,0
431343461,1
735914904,1
341220048,0
189409450,1
828608583,0
946070243,1
1044042862,0
388034147,0
554443651,0
983386366,0
981260164,0
1016581344,1
448700579,0
1010602572,1
108082677,0
796619486,1
779757156,1
410783860,0
123253165,0
748065282,0
184401329,1
940451757,0
790040374,0
498440715,1
327413432,0
193720285,0
117407113,0
981431510,0
188989570,0
314214115,1
64352029,0
858287383,0
937614087,0
866419051,0
880268284,1
616798546,0
1066071649,0
342423545,0
936280674,0
262298393,1
972847877,1
95268824,1
241215349,0
186009450,0
800146448,0
325674553,0
305332410,0
1054736532,1
353719460,0
603104265,0
640563507,1
1047299995,0
937732488,0
355293889,0
130833665,1
682146375,1
809037759,0
223602245,0
158234528,0
915965974,0
558260221,0
39403247,0
452964165,0
316139273,0
230549659,1
336824737,0
566355637,1
748251568,1
113669678,1
374020739,1
1011032624,1
466957486,0
880713897,0
336311814,1
983799145,0
612819786,0
337710224,1
869747935,0
519689345,0
1000052669,1
428790025,0
810936792,0
181075299,1
414460659,1
633701411,0
180627976,0
193050830,1
179163215,0
17597945,0
861596686,1
580051935,1
653651567,0
994513756,0
475201165,1
629137255,0
655621841,1
1003983069,0
708496105,0
473195431,0
584112050,0
547338284,0
443778963,0
751739050,0
216614577,1
1015815944,0
744493568,0
574487589,1
938285991,0
745841941,1
525432379,1
844751038,0
695520875,0
72094855,1
450006352,0
720741213,0
116426335,0
103124635,1
133656706,1
586458547,0
137859287,0
307751103,1
70962604,0
913139681,1
779095530,1
909602544,1
876963890,0
203974495,0
977284507,0
573359435,1
229544484,1
1002474276,0
630219579,1
238240571,0
1012261148,0
482328432,1
516096218,0
240777602,0
169042105,1
343462060,0
27242908,0
315532960,1
128931181,0
726960759,1
644581339,0
1019134546,1
598601921,1
1018656893,0
223908049,0
101731201,1
569355272,1
436383774,0
678069884,1
353120816,1
102603195,0
607091264,1
536023317,0
569618090,0
985292914,0
78374393,1
178182519,0
43199628,1
123838514,1
9957827,0
156043375,0
925948183,0
128583854,0
187936545,1
417520043,1
656001230,0
504201501,0
115213239,0
795406392,0
213673270,0
495744935,1
276264887,0
354650074,0
997105972,0
289178469,0
281005764,0
132576429,0
361368026,0
709057899,0
1046411447,1
673469560,0
806425007,0
208526364,0
483258726,1
544355354,0
720613955,0
586994280,0
695897174,0
930692464,1
6570528,0
940914408,1
310997938,0
130307805,1
868326513,0
701216599,0
382962150,0
1002794504,1
252251857,0
373927958,1
84487999,0
672366837,0
485215053,0
494025283,0
795177469,0
502522263,0
731017246,1
604907488,1
762991143,0
287982781,0
426372748,1
50514933,0
642318110,1
669847722,0
957967285,1
886626439,0
113700517,1
802067778,0
674024817,0
467747088,0
422052175,1
858256589,1
863370520,1
462189039,0
670450000,1
699573076,0
731100711,0
45479391,0
470423569,0
141926172,0
755438611,0
762184916,1
274188326,0
266200875,0
892516620,1
877784205,0
59499094,1
639283070,1
578542178,1
518840705,1
480148263,0
160090934,1
208952234,1
192394064,0
174812167,0
863987020,0
588870662,0
967522662,0
430253315,1
402072103,0
460891752,0
1039127697,0
513500698,0
806528433,1
412256916,1
614605373,0
381734198,0
918197522,1
864778305,1
336142310,0
1072772694,0
46654552,1
674576271,0
328645576,0
586556403,0
986071494,0
294463869,1
179218750,0
276834410,0
445801065,1
675265863,1
851671447,0
213313546,0
127508942,0
615997729,0
79512774,0
117326729,0
821256920,0
372807202,1
242289595,0
786989426,1
62291621,0
291039983,1
693958412,0
475215255,0
701825549,0
941092399,1
745178074,1
64033984,0
662325843,0
270714544,0
577582816,0
706175094,0
1008318909,0
635533014,0
496743109,1
242150114,0
770530217,1
236696312,1
1011020711,0
804145191,0
1010043331,1
707889939,0
971562912,0
815499713,0
597892214,0
513962746,1
928616476,0
30338531,0
994332651,0
88056367,0
874423622,0
568457864,0
373268212,0
322447282,0
1063238103,0
33532963,0
852442674,1
1011382346,1
860345542,1
1002406064,0
1001307839,0
689147591,1
6061417,1
295000621,0
716948303,0
557773672,1
679573843,0
797815003,1
206321443,0
751451157,1
521475287,1
311994135,0
390102359,0
162536735,0
739842506,0
6570447,0
23186044,0
196935010,0
632137889,1
566628552,1
735538791,0
970022337,1
241498332,0
343491142,1
101259461,1
379989445,0
895226828,1
929643817,0
858119260,1
707715191,0
755971970,0
578523771,1
878707717,0
16001798,1
258303887,1
417781575,0
955829136,0
308197328,0
435391971,0
47179086,0
436633815,0
733664642,0
147746438,0
387754927,1
662100986,1
643438223,0
497203646,0
134031070,0
188778639,1
553520069,0
672795996,1
731980933,1
497778881,0
546310475,1
321768515,0
580975011,1
865650861,1
1000172755,0
706480997,0
1032280807,0
177868678,1
712329472,0
1027170346,1
544989272,0
305426333,0
868366997,1
552245387,0
147932060,0
722901108,0
860238348,0
158304834,0
605573731,0
956061953,0
999861193,0
772482077,0
835822550,1
677395712,0
1056380107,1
345146772,0
980945763,0
976094724,0
511201082,1
540136501,1
659392301,0
137967359,0
513225993,0
263339299,0
424705373,0
45379683,0
336146289,1
48650818,0
409486794,0
899371401,0
193818994,0
622901319,1
603068400,0
71305518,0
770281257,1
530757561,0
569538219,0
792952947,0
663907349,0
882162888,0
844285110,1
947493497,0
72083844,0
434728546,0
890934494,0
697801251,0
45844821,1
466357033,1
686111573,1
260106618,0
625464884,1
68461684,1
892789780,0
945670798,0
1021964105,1
263185142,1
143247463,1
706412077,0
508678910,0
756533579,1
1035662003,0
50421098,0
42311558,1
384659715,1
692333529,1
1057980770,1
531855083,1
38969636,0
1004662723,0
739683759,0
957799499,0
282099523,0
1064575272,1
785879795,1
459175471,1
591357443,0
890380314,1
592880978,0
551366812,0
766096611,1
595767741,0
783786839,1
431653458,1
1060482930,1
79843077,1
914395409,0
505535739,1
211975522,1
111264367,0
253349292,0
72193741,0
748243535,1
446407987,0
291923807,0
991191909,0
484779555,0
170075251,1
534202492,0
568237183,0
841770040,0
951210641,0
606445962,1
653154389,1
988739032,1
84211091,0
334576179,0
875611924,1
681066979,0
782059080,0
579834925,0
537137765,1
580447823,0
60031457,1
661506578,0
451360199,0
260614557,1
551968433,0
771385010,0
485805219,0
623123952,0
229730155,0
83161545,1
644619070,1
408327727,0
543257249,1
994926822,0
304713332,0
554351339,0
1002007759,1
417767751,0
219594317,0
692738367,0
412230991,0
885893442,0
1043424945,1
890684745,0
54671014,0
633671981,0
1012495838,0
456364808,0
360412697,1
49203558,1
60778918,0
988493368,1
863406382,1
121393557,1
426991604,0
378305093,1
540967416,0
94511472,0
129403043,0
925547945,0
890505735,0
688708018,0
52843440,1
33979714,0
240385838,0
1006208420,0
216778095,0
341189853,1
869912793,0
491429705,1
332368523,0
278479334,0
928389318,0
167348766,1
57485822,0
954029593,0
908212013,0
285186882,0
317604347,1
108337018,0
109152899,0
287195524,0
656102581,0
294828690,0
271314895,1
154917225,0
106122847,0
532363811,0
1001154228,0
116335741,0
885111193,0
615675,0
656995956,0
887957620,1
644253537,1
815023166,0
555511084,0
284161612,1
849447049,0
698510601,0
594095087,0
32199020,0
590520920,1
98269319,1
626360971,0
783841357,0
961825192,0
1067656874,1
573044801,0
169000566,0
91509932,1
550127661,1
944109232,0
740492926,1
315090954,0
230423680,0
657074545,1
330894547,1
937877255,1
758049231,1
94190297,0
502092931,0
885528811,0
1027058200,0
264309534,0
313679331,1
448484824,1
696202652,0
663020012,0
232866519,1
538824588,1
505849792,0
796599377,0
597346574,0
354939091,1
565359037,1
68270802,0
402958483,1
638920648,0
971059887,1
520059677,0
989122121,1
122030010,1
891872916,0
658918948,0
226953436,0
421910884,1
508586409,0
373258690,0
906507480,0
382358908,0
921983336,1
23528797,0
216908504,0
512712419,0
334135828,0
889791716,0
601527902,0
652243849,0
102900339,0
689615654,1
269907473,0
1051193411,0
617549533,0
344629187,0
665103990,0
334820002,1
799128948,0
247079497,0
256022467,0
47376817,1
228386419,0
742816227,0
990456049,0
148837806,0
521466668,0
508316723,1
370626529,1
978821584,0
461588882,0
426439295,0
1007172196,1
72253060,0
262942260,1
705472650,0
876234101,0
786461149,1
747088874,0
562087258,0
145351271,0
15643227,0
636047284,0
468780797,1
1029438188,0
817106027,0
322159250,0
736140136,0
763093090,0
834052476,1
769241149,0
115040841,0
142323343,0
666124183,0
745314012,0
950705815,1
921118431,0
877752159,1
135222578,0
850826208,1
934007971,0
1010228146,0
767990960,1
595922147,0
850488739,1
638498957,1
216587933,0
1065525395,0
441948074,0
387403718,0
618345671,1
334702822,0
932974300,1
44157616,1
773502014,0
554871154,0
1063422658,0
954835612,0
169990879,1
487224288,1
990611973,1
201637382,0
828168903,0
505497119,1
969902833,0
782206689,0
922979549,0
420246255,0
687479760,1
1049479778,0
962951422,0
721202394,1
91205492,1
951974394,0
61078360,0
529731650,0
60114780,0
169003911,0
449152157,0
1041038078,0
575347404,0
999466711,1
779570659,0
776702762,0
267359701,0
989565728,0
522379207,0
157243284,0
407943839,1
427806405,0
609899502,0
533687151,0
946639091,1
168276118,0
533947427,0
818805585,0
508159580,0
616290544,1
321810334,0
309272679,0
88087644,0
888066335,0
265764028,0
851580447,0
486989309,0
841776099,1
976468564,1
1028299953,0
259868249,0
723668399,0
661712635,1
669108025,1
927781681,1
950790538,1
567533335,1
615291571,0
777621770,0
126042285,0
614475557,0
903570820,1
192820522,0
590197884,1
348144622,0
279418400,0
862925204,0
352852019,0
1053383059,0
125010851,0
177857336,0
588273030,0
433550699,0
952965878,0
268371844,0
425464250,1
595832844,1
584719405,0
567316833,0
95871030,1
961025261,0
310057868,0
90229225,0
748602687,0
852867794,0
144187130,0
766183442,0
242522192,1
278200009,0
1065460435,0
238129347,1
115808760,0
439946808,0
999136389,0
600537666,0
88057432,0
329526663,1
866884723,0
971894065,0
18459667,0
1043854094,0
607661655,0
738953322,0
467804106,1
286941953,0
65452690,0
835949119,1
333226943,1
404330388,1
229123420,0
759417815,0
327059567,0
527982241,0
70884445,1
11575224,0
202828617,1
7221330,0
856384754,1
488100108,0
973707553,1
879209446,0
82010113,0
657668199,0
504623813,0
945305814,0
651270017,0
974236279,1
1021080031,0
673561227,0
864059023,0
549264485,1
744882463,0
346071904,1
491650757,0
486686097,0
392767278,0
192198192,0
1060343742,0
681815037,0
93676413,0
541846158,1
391569078,0
811514914,1
983973822,0
412477736,0
12864905,1
386930664,0
1046060137,1
731361497,0
1036512873,0
123104450,0
735172306,0
539264550,0
216968866,0
975475091,0
108588563,0
123357166,1
744594995,1
1070537644,0
752178601,0
609448939,1
212198175,0
922036763,0
997385005,0
330242008,0
531196129,1
949767166,0
505202323,0
45026751,1
123927974,1
9391475,0
58546865,1
576625202,0
147016174,1
143205892,0
1002404979,0
218252453,0
649580994,0
13107987,1
744965656,1
135601470,1
993748748,1
746183342,0
37420126,0
510173760,1
91274405,0
40995383,0
898402124,1
163043621,0
621262718,1
446644034,0
936081352,0
635873300,0
872641299,1
125874394,0
696554388,0
472557156,1
537368128,0
676243304,0
227487500,0
70629479,0
827959968,1
329096506,1
774090950,1
902628927,0
1027877588,0
423076025,1
519939412,0
517467401,0
108599066,1
278095116,0
986932176,1
647820107,0
431269332,0
372384530,0
591458887,1
988840091,1
711890569,0
616297688,0
855052486,0
1056404447,0
364660414,1
901115118,0
1055529863,0
223577467,0
218927025,0
602728525,1
909754443,1
1057506342,1
683149142,1
786451710,1
203901283,1
597794767,0
295300117,0
715885704,1
35328023,0
315114820,0
43198431,0
408172677,0
436164913,1
754357762,1
943291833,0
1049358173,0
786411102,0
544089873,0
921288574,0
18369308,0
388707689,0
443730000,0
434222401,1
456130975,0
120285474,1
594113766,1
853514394,0
1009630735,0
563056004,0
335997460,0
529803264,0
931137066,0
223165768,0
119385981,1
715494270,1
590867469,0
367674476,1
601133236,0
941723910,1
383790644,1
92854993,0
843341577,0
760283250,0
589779617,0
344390192,1
934183077,1
657766018,0
331361946,0
1060863589,1
106616380,0
24757978,0
77942327,0
546603870,0
695752234,0
860666308,0
701265340,0
23745996,0
807727084,0
277906552,1
214643586,0
671342645,0
901739625,1
194144833,1
707901168,0
948732786,1
812308435,0
905340723,0
1013188319,0
975591849,1
875938389,0
539528648,1
924602213,0
723192710,0
900757397,0
905617801,0
748016381,1
913662039,0
208202515,0
356821313,0
329097422,1
391152693,0
901058675,0
613194513,0
1050210168,1
885503942,0
207266073,0
723739596,0
310669201,0
832537216,0
519884429,0
2754426,1
372959512,0
796233790,0
574046082,0
458595187,0
229536397,1
891819497,0
13089765,0
724880344,0
80401357,0
247879360,0
126942964,0
691805218,0
830481472,0
148783057,1
353365025,0
228872698,0
808536357,0
291518128,1
428311491,0
655503884,0
613152983,0
635898931,1
544633854,1
312990487,0
593288872,0
59086532,1
777103091,1
883520645,0
797329706,0
1057932153,1
92027526,1
1027011201,0
573772626,0
443879804,1
67429343,0
62176039,1
163162642,0
903452470,1
177443658,0
945597897,0
482478452,1
541033587,1
665225104,0
316779880,0
933747670,0
592542280,1
471825556,0
1065093396,0
712630453,1
1037171059,0
417689895,1
916574646,0
889176460,1
950705009,0
1069118362,1
459225330,1
617494743,0
47978060,0
682125704,0
368999657,1
494613062,1
800801470,0
997319518,0
390697670,0
326540001,0
158279275,1
27136978,0
330262024,0
132909491,1
875333606,1
513696693,0
732883943,1
432221032,0
856292577,0
407693523,0
757232668,1
84967493,0
45822547,0
411419981,0
697929178,1
114942896,1
948664302,0
831696431,0
856665975,1
853546168,0
191191291,0
233291547,0
308842146,0
1029163936,0
334430817,1
276776096,0
21096724,1
690755362,0
343816109,0
233865216,0
306046409,0
384774860,0
930230925,0
774784405,0
367991714,1
844785589,1
802601465,1
866616964,1
981621809,0
425464891,0
344851196,0
638224541,0
785196340,0
357039137,0
1023912171,1
673510042,0
336192432,0
465906941,1
366534208,1
495428333,0
210812295,0
190667636,0
373338050,0
549976609,0
180793819,0
495042189,1
412823891,0
719307302,0
493533996,0
741057474,1
625412469,0
462375205,0
651559604,0
289265706,1
710875738,0
717029885,0
483724666,0
658666438,0
965053024,0
519042468,1
319450186,0
105911113,1
93353560,0
368909933,1
355699119,0
383138514,1
325003734,0
306084084,1
20912992,0
230122826,0
676309194,0
990739298,0
921051918,0
804258674,0
405295431,1
77390472,1
691916428,1
395868120,0
569462919,0
867117209,0
412941401,1
273130219,0
286045940,0
115890734,0
356532271,0
1061571955,0
703847447,1
362794021,0
1006564453,0
425956648,0
1008692636,0
878775497,1
56280451,1
961751474,1
602806585,1
534752443,1
988954029,0
889328868,0
1036024957,1
758496505,0
693663866,1
549235047,0
727579147,1
185049518,0
1034322254,0
137213199,0
477456920,0
475006056,1
751044796,0
320950640,0
475672443,0
635841848,0
572030854,1
13712236,1
1046908296,0
816267011,0
705165232,1
62599172,0
658819288,1
275315150,0
1028299567,0
1011939665,1
154990533,0
943443205,0
519904272,0
63699605,1
360363222,1
383739723,1
356954682,0
1040612996,1
158785076,0
345565285,0
795729566,0
226809000,0
504661559,0
1040160787,1
541714649,0
224502708,1
1056638902,0
8780419,0
819898028,1
197958983,1
1029470368,0
215740509,0
855808162,0
720457041,1
527950113,0
648638406,0
781426891,1
891246046,1
965924168,1
632231115,1
927034889,0
940424195,0
207066016,0
469486359,1
252850765,0
486513316,0
307209235,0
992308459,0
725202546,1
337571555,0
1046987201,1
804745462,1
580398284,0
541359164,0
689451985,0
129700675,0
44232045,1
379759538,1
22275263,1
283234901,0
741193655,0
796703139,0
572817675,0
127399830,1
828123020,1
366271821,0
1003143416,0
129364770,0
198780971,0
1055526377,0
532794158,0
941016612,0
597771523,0
671336642,0
346603943,0
928582881,1
705399640,1
747843987,1
979894441,0
907712792,1
994957657,0
437656494,1
693927248,0
579958795,0
845436339,1
917911734,0
836587372,1
285042337,0
801862642,0
483108000,0
126398892,0
546346564,1
196894372,0
474765466,0
214448547,0
576876906,1
629037950,0
865505500,0
919136931,1
910417210,1
773869166,1
443721204,1
680803166,1
426351920,0
63778626,0
947347447,1
676486873,0
848254067,1
280477683,0
215984311,0
66312199,0
893436624,0
686069196,0
603200643,0
625711790,1
406776019,1
419687196,0
952908634,1
571752477,0
1032243967,0
995444135,0
24411864,0
813855409,0
966615254,0
371686188,0
683794688,1
830138373,1
575772566,0
444573290,1
658896006,1
504741676,0
710371538,0
771880418,1
971087599,0
194132566,0
290628512,0
904886397,1
595586259,0
775504976,1
969219482,1
441023669,0
650158037,0
206785808,1
176670424,0
794371615,1
28610295,0
507792264,0
689075603,0
533019373,1
520455331,0
96078316,0
457094067,0
961126026,0
305244667,0
966472658,0
444469356,0
875290209,0
144534648,0
132702394,0
207154333,0
497659232,1
647693166,1
742716738,1
1006749518,0
572994767,0
733500385,0
193612001,0
127029844,1
246471425,0
946654502,0
81915702,0
752386291,0
1067106431,0
262775165,1
774092750,0
752566344,1
22236522,1
725844870,0
131563076,1
548127255,1
613958957,1
1034098873,1
165092727,0
553380476,1
645448057,0
682259766,0
446143048,1
388149273,0
1041122610,0
708044942,0
604604243,0
157392250,0
186585153,0
429151399,0
428724081,1
685717617,1
10290140,0
343810137,0
31530503,0
93993598,0
915624530,0
423699821,1
1054920870,1
320955532,1
572003029,1
294244475,0
180302367,0
932815732,0
975494683,1
131478450,0
131680283,0
424995927,0
738194420,1
935591313,0
994329973,1
882403818,0
762509565,0
690751043,0
984861930,1
354362380,0
848403687,1
346817822,0
409814203,1
955945386,1
530833445,0
448847292,0
200050585,0
157826680,1
317130941,1
163858136,0
661078179,0
602650916,0
80582403,0
420989391,1
576762622,1
203525112,0
870559510,0
634511209,0
1010912404,0
883993176,0
55605129,1
370228863,0
976388852,1
244289964,1
965953266,0
216601552,1
705939260,0
114860711,0
967587458,1
268227631,0
334422214,0
299099265,0
975128350,0
241403853,0
525552311,0
722313006,1
464897319,0
383463134,0
49621604,1
365049222,0
953592579,0
950605378,1
398569245,0
641235032,0
605064109,0
306077032,0
111821641,1
161863973,0
43571772,0
447256709,0
602324820,1
580740891,0
107959268,0
1037786185,1
700831233,0
324474225,1
601251106,0
500422869,0
675862179,0
1027563509,1
540581958,1
755665764,0
529487801,0
128757852,0
227494893,1
710678904,1
967296990,0
346474552,1
110705588,0
39442778,1
1073549862,0
912794625,1
164109919,0
95102126,0
145737277,0
454234434,1
849505560,0
1009007976,0
163894795,0
685977815,1
825152179,0
153404845,0
216636672,1
229234183,1
725022076,1
1011279622,1
163662130,0
884344748,1
256927167,0
240853982,0
67412709,1
992535669,1
548868899,1
817208145,0
40519046,1
397868623,0
953942141,0
47110078,0
212897187,1
404859260,0
340405868,0
444517369,0
876331829,0
438489918,1
714974518,0
2343154,0
984513216,1
296871629,1
867405227,0
334549002,1
631130400,0
624670336,0
335489452,0
424933004,0
234848459,1
822334721,0
344003485,1
81484595,1
277082043,1
885661745,0
259609528,0
130861323,0
129582417,0
255593722,0
715197502,1
1022095042,0
92570281,1
359821251,1
411211819,1
860099249,0
794230707,0
598216060,0
20659391,0
845332098,0
435312769,0
845290364,1
620535283,0
682454310,1
24885365,0
802874167,0
707432787,1
375138838,1
1055813947,1
178630985,1
449052318,1
938904940,1
408431021,1
616006526,0
592352971,0
437182575,0
53839920,0
280517824,1
802959376,0
637513293,1
533291486,0
705024801,0
9866101,0
646552918,0
661962359,1
823547996,0
734868441,1
564271621,0
147699074,0
309346714,1
760382619,1
261142486,0
210757356,0
804225572,0
222619259,0
618724891,0
421954302,0
991655172,0
467244461,0
535718802,1
267370380,0
994841203,0
999591552,0
667660223,1
316624578,0
249374708,0
229460134,0
364938258,1
276696166,0
177173978,0
785033297,0
781988477,1
32411682,1
544725181,1
216023047,1
484392493,0
623926702,0
169840673,0
492149756,1
874598695,1
1035321490,0
20628901,1
33767082,1
868536025,1
808126208,0
393002419,0
238684647,0
782958075,0
563491001,0
593458652,0
877061402,0
933404114,0
382999793,0
750077300,0
1042058529,0
220994787,1
96265979,1
117999418,0
700235246,1
955294712,0
540234831,0
1052044563,1
226353775,0
846571918,1
997525838,1
992304378,0
574464212,0
804005131,1
190924932,0
784539206,0
961815464,0
616509119,1
96476756,0
460531480,0
270312117,0
666233236,0
681066645,0
692778048,0
1012086204,0
828724174,0
869367941,0
732884547,1
979733565,1
894001774,0
957558608,0
159298837,1
568139243,0
556769159,0
501645174,0
1026944563,0
864048388,0
5009792,0
539382632,0
30118814,0
303696046,1
935590529,1
313383963,1
724381040,0
61380746,1
162829137,0
288032495,0
794119729,0
783651906,0
581048625,0
586021691,0
160757642,0
507159571,1
458084730,0
188751681,0
630100172,1
868285490,1
517169553,0
252082631,1
828393291,0
105877984,0
390386919,0
449571247,1
108482467,0
898396384,1
50622931,0
718309417,1
112745817,0
945473251,1
839292867,1
1066021622,0
206415172,1
633175666,0
43779506,0
476690322,0
651444364,0
697529095,0
842150718,1
116743341,0
72541521,0
474289591,1
494568456,0
482954920,0
712308209,0
890949719,0
938876550,0
988816765,0
651947912,0
355006827,0
735414465,0
919043248,0
948686369,0
515917815,1
686298234,0
860277776,0
817010043,0
194181873,0
131244840,0
296889215,0
380341647,0
1063396143,0
843265140,1
244678956,0
875353559,1
423671208,1
916711829,1
155056270,1
702858478,1
752384450,1
49776952,0
493343922,0
689073086,1
53921577,0
637727239,1
499352182,1
796387342,0
179187532,1
26540961,1
405225360,0
249229549,0
979926683,0
894062201,0
625179752,1
505547798,0
438994061,0
216576663,0
617650280,0
462176397,1
276965362,0
1029829787,0
542831335,0
898528810,1
500043271,1
373452277,0
385240450,1
742010046,0
925395827,1
411859868,0
263117180,0
653539923,0
514023624,1
999086627,1
1034138528,0
565408109,0
651831074,0
963113072,1
1038007288,0
692140950,0
963715263,1
121696501,0
857397689,0
892582047,0
289032747,1
87583407,1
470913175,0
1009707801,0
23576118,0
966230704,1
219358643,0
359944564,0
811706504,1
5779569,0
979385858,1
363925049,0
245824373,0
154231505,0
468027936,0
907762007,1
875329786,0
900839013,1
579196799,1
129876362,0
694790862,0
786703684,1
390250763,1
144316695,0
86675240,0
70161976,1
73447993,1
110111071,0
215344841,0
625265416,1
258451662,0
336136625,0
310812797,0
664328419,0
852177409,0
708334849,0
431325735,0
379160679,1
337351729,1
847384695,1
198461891,0
1028767099,0
242498240,0
425880424,1
395430792,1
551145692,0
869105518,1
506917752,0
485772239,0
570335494,1
887177360,0
633688460,1
148286010,0
107915391,0
539250352,0
835779508,0
882207031,0
651689611,0
544740074,0
305100495,0
378231483,0
460755939,1
259367110,0
788642330,0
1038105547,0
919445763,0
915078253,0
809340042,0
36749147,0
119578115,0
677720556,1
805931508,0
904736933,1
487135978,0
107084212,0
1002633875,0
588078280,0
314194061,1
643523776,0
693509240,0
241387305,1
645963305,1
788463067,1
472685761,0
818592454,1
1018651925,1
727827896,0
984535221,0
920975040,0
855678800,0
489844971,0
241964825,0
169016920,0
1014437020,0
448090119,0
1038671457,1
849822052,0
267171793,1
499561877,0
760648163,0
695733153,1
847813439,1
930379756,1
870281936,1
576438777,0
337382335,1
909182563,0
524232414,0
655783483,1
794664845,0
232999907,1
172167429,0
456327580,0
89218841,0
550921917,0
89988156,1
600141462,0
126128312,0
600061135,0
408956386,0
306516742,1
735477875,0
613378645,0
698024936,0
617128968,0
322119408,0
50930624,0
191117627,0
922347724,0
273928805,0
689137659,0
1702569,0
149502403,1
588559516,0
366550963,0
669592915,0
601210879,0
1067368020,0
990831766,0
570225257,0
636195900,0
109465657,0
474259410,0
548939598,0
555306839,0
499863643,1
607925535,0
501225954,1
870161858,1
1051598573,0
594933780,0
204152670,0
1034083048,1
756589701,0
986120460,0
225900773,0
702030905,0
282024304,0
974985653,0
931475042,0
907853259,1
198026764,0
956644529,0
505399561,1
555940297,0
334561986,0
237644501,0
415410649,0
681178315,1
483119861,0
542493455,0
78060639,0
414855862,0
1010530496,0
914184418,1
99282456,0
54307238,0
10682349,0
420796380,0
705823323,0
362456889,1
356837467,0
141102355,0
593514629,0
794133105,0
470590964,0
324211872,0
267930513,0
736322083,0
801945329,0
644866619,0
174162223,0
80943908,0
680505229,1
351209528,0
131348586,1
89998443,1
380499500,0
637670731,1
342372191,0
884968439,1
922681257,0
307915944,0
426324454,1
455818678,0
194983631,1
985568086,1
991632371,0
881044229,1
893140824,0
681601011,1
346476261,0
18410135,1
526723507,0
290149566,0
755954847,0
997413271,1
746564420,0
362639932,1
483027931,0
701642483,1
970419677,0
673020489,1
583806675,0
919064156,0
739200409,1
949152373,0
138548086,0
310686773,0
17240808,0
1070870393,1
636225068,0
14492185,0
608361982,1
607326507,0
267070195,0
178654244,0
431168733,1
387157696,0
234760738,1
1027129692,0
1069550419,1
594342064,1
1057916250,0
1038495560,1
54930149,0
122661067,0
908888221,1
540455195,0
588574163,1
467810480,1
513537097,0
88564299,0
736872507,0
741183219,1
738328947,0
500057851,1
670842137,0
419246503,0
895076485,1
147848992,1
925779181,0
771282955,0
766213410,0
258737619,0
171184472,0
972853346,0
923799617,0
817432212,0
520829153,0
81754369,0
130170389,0
271002172,1
769003668,0
336280635,1
632338449,0
650262890,1
795666663,0
306449156,0
273769135,1
706795289,0
273915696,0
699429965,0
456506372,1
286501362,0
713081350,0
121740845,1
764935082,0
476130756,1
1072848377,0
803132646,0
929689806,0
780068334,0
2314313,1
582219061,0
84446671,1
1005346898,1
443630426,1
783850598,1
791046308,0
116338130,0
1061721902,1
858494527,1
791290436,0
697808098,1
453636760,0
607862900,1
384362791,1
137339109,0
1025563514,0
88313058,0
406359893,1
256805216,1
455283435,1
884730446,0
123666470,1
347082726,0
345575662,1
680447925,0
677125191,0
62472440,1
351492250,0
132129671,0
172144551,0
366034277,1
570193187,0
820444286,0
494945715,0
346666309,0
349076166,1
210148111,1
815216554,0
